https://www.rastertek.com/dx11win10tut07.html

이 튜토리얼에서는 3D 모델링의 렌더링을 다룬다.
이전 튜토리얼에서는 비록 3D긴 하지만 평면밖에 없는 간단한 모델을 렌더링했다. 복잡한 모델을 렌더링하기 전에 모델 포맷에 대해 이야기해야 한다.
마야나 블렌더같은 여러 3D모델링 툴이 존재한다. 이들 모델들은 여러가지 포맷으로 모델을 익스포트하는데,
그래서 자체로 파싱하는 프로그램을 작성하는 것도 좋다.
이 튜토리얼에서는 간단히 텍스트로 모델링을 가져온다. 이것은 각 버텍스마다 위치, 텍스처 좌표, 노말 벡터를 가진다.
튜토리얼 포맷에서는 또한 버텍스 카운트를 가진다.

Vertex Count: 36

Data:

-1.0  1.0 -1.0 0.0 0.0  0.0  0.0 -1.0
 1.0  1.0 -1.0 1.0 0.0  0.0  0.0 -1.0
-1.0 -1.0 -1.0 0.0 1.0  0.0  0.0 -1.0
-1.0 -1.0 -1.0 0.0 1.0  0.0  0.0 -1.0
 1.0  1.0 -1.0 1.0 0.0  0.0  0.0 -1.0
 1.0 -1.0 -1.0 1.0 1.0  0.0  0.0 -1.0
 1.0  1.0 -1.0 0.0 0.0  1.0  0.0  0.0
 1.0  1.0  1.0 1.0 0.0  1.0  0.0  0.0
 1.0 -1.0 -1.0 0.0 1.0  1.0  0.0  0.0
 1.0 -1.0 -1.0 0.0 1.0  1.0  0.0  0.0
 1.0  1.0  1.0 1.0 0.0  1.0  0.0  0.0
 1.0 -1.0  1.0 1.0 1.0  1.0  0.0  0.0
 1.0  1.0  1.0 0.0 0.0  0.0  0.0  1.0
-1.0  1.0  1.0 1.0 0.0  0.0  0.0  1.0
 1.0 -1.0  1.0 0.0 1.0  0.0  0.0  1.0
 1.0 -1.0  1.0 0.0 1.0  0.0  0.0  1.0
-1.0  1.0  1.0 1.0 0.0  0.0  0.0  1.0
-1.0 -1.0  1.0 1.0 1.0  0.0  0.0  1.0
-1.0  1.0  1.0 0.0 0.0 -1.0  0.0  0.0
-1.0  1.0 -1.0 1.0 0.0 -1.0  0.0  0.0
-1.0 -1.0  1.0 0.0 1.0 -1.0  0.0  0.0
-1.0 -1.0  1.0 0.0 1.0 -1.0  0.0  0.0
-1.0  1.0 -1.0 1.0 0.0 -1.0  0.0  0.0
-1.0 -1.0 -1.0 1.0 1.0 -1.0  0.0  0.0
-1.0  1.0  1.0 0.0 0.0  0.0  1.0  0.0
 1.0  1.0  1.0 1.0 0.0  0.0  1.0  0.0
-1.0  1.0 -1.0 0.0 1.0  0.0  1.0  0.0
-1.0  1.0 -1.0 0.0 1.0  0.0  1.0  0.0
 1.0  1.0  1.0 1.0 0.0  0.0  1.0  0.0
 1.0  1.0 -1.0 1.0 1.0  0.0  1.0  0.0
-1.0 -1.0 -1.0 0.0 0.0  0.0 -1.0  0.0
 1.0 -1.0 -1.0 1.0 0.0  0.0 -1.0  0.0
-1.0 -1.0  1.0 0.0 1.0  0.0 -1.0  0.0
-1.0 -1.0  1.0 0.0 1.0  0.0 -1.0  0.0
 1.0 -1.0 -1.0 1.0 0.0  0.0 -1.0  0.0
 1.0 -1.0  1.0 1.0 1.0  0.0 -1.0  0.0

 여기 36라인의 데이터가 있다. 매 3개의 라인이 삼각형을 만들고 최종적으로 12개의 삼각형을 만들어 큐브를 구성한다.
 이 포맷은 매우 직관적으로 작성된다. DX는 왼손 좌표계를 가지므로 모델 데이터는 거기에 맞춰야 한다.